Index	Intensity	Weight
1 9.5747e-01 1.1557e-04
2 8.0489e-01 4.8080e-04
3 7.5387e-01 1.0407e-03
4 7.1765e-01 1.6733e-03
5 6.8885e-01 2.3354e-03
6 6.6466e-01 3.0274e-03
7 6.4369e-01 3.7425e-03
8 6.2510e-01 4.4784e-03
9 6.0838e-01 5.2325e-03
10 5.9315e-01 6.0010e-03
11 5.7915e-01 6.7836e-03
12 5.6620e-01 7.5801e-03
13 5.5413e-01 8.3904e-03
14 5.4284e-01 9.2109e-03
15 5.3222e-01 1.0041e-02
16 5.2220e-01 1.0881e-02
17 5.1271e-01 1.1730e-02
18 5.0370e-01 1.2589e-02
19 4.9512e-01 1.3457e-02
20 4.8693e-01 1.4331e-02
21 4.7910e-01 1.5213e-02
22 4.7160e-01 1.6104e-02
23 4.6440e-01 1.7001e-02
24 4.5749e-01 1.7903e-02
25 4.5083e-01 1.8817e-02
26 4.4441e-01 1.9731e-02
27 4.3822e-01 2.0653e-02
28 4.3224e-01 2.1585e-02
29 4.2646e-01 2.2517e-02
30 4.2086e-01 2.3458e-02
31 4.1544e-01 2.4402e-02
32 4.1018e-01 2.5353e-02
33 4.0507e-01 2.6309e-02
34 4.0012e-01 2.7268e-02
35 3.9530e-01 2.8236e-02
36 3.9061e-01 2.9207e-02
37 3.8606e-01 3.0179e-02
38 3.8162e-01 3.1155e-02
39 3.7729e-01 3.2144e-02
40 3.7307e-01 3.3128e-02
41 3.6896e-01 3.4116e-02
42 3.6495e-01 3.5122e-02
43 3.6103e-01 3.6120e-02
44 3.5720e-01 3.7122e-02
45 3.5346e-01 3.8129e-02
46 3.4981e-01 3.9141e-02
47 3.4623e-01 4.0157e-02
48 3.4274e-01 4.1179e-02
49 3.3931e-01 4.2203e-02
50 3.3596e-01 4.3227e-02
